Attempt 1

 DAY |   A | wpA |   B|  wpB |   C | wpC |   D | wpD |   E | wpE |   F | TOTAL 
-------------------------------------------------------------------------------------------
   1 |   3 |   0 |   4 |   0 |   5 |   1 |   2 |   0 |   6 |   0 |   2 |   2 
   2 |   2 |   0 |   6 |   0 |   5 |   2 |   1 |   0 |   4 |   0 |   3 |   3 
   3 |   3 |   0 |   6 |   0 |   6 |   1 |   4 |   0 |   6 |   0 |   6 |   7 
   4 |   4 |   0 |   5 |   3 |   1 |   0 |   2 |   0 |   2 |   0 |   5 |   9 
   5 |   2 |   0 |   4 |   1 |   4 |   1 |   3 |   0 |   6 |   0 |   5 |  12 
   6 |   5 |   2 |   3 |   3 |   1 |   0 |   6 |   0 |   6 |   0 |   4 |  14 
   7 |   2 |   0 |   6 |   6 |   1 |   0 |   4 |   0 |   2 |   0 |   3 |  15 
   8 |   6 |   4 |   2 |   6 |   2 |   0 |   5 |   0 |   3 |   0 |   2 |  17 
   9 |   1 |   2 |   3 |   5 |   4 |   0 |   5 |   0 |   4 |   0 |   6 |  21 
  10 |   5 |   3 |   4 |   3 |   6 |   5 |   1 |   0 |   4 |   0 |   5 |  22 
-------------------------------------------------------------------------------------------
Skupaj je bilo narejenih: 22 izdelkov.

 Worker    |   A |   B |   C |   D |   E |   F 
-----------------------------------------------
 Work Done |  33 |  30 |  27 |  22 |  22 |  22 

*******************************************************************************************


Attempt 2

 DAY |   A | wpA |   B|  wpB |   C | wpC |   D | wpD |   E | wpE |   F | TOTAL 
-------------------------------------------------------------------------------------------
   1 |   6 |   0 |   6 |   0 |   6 |   2 |   4 |   0 |   6 |   0 |   4 |   4 
   2 |   2 |   0 |   5 |   0 |   3 |   0 |   6 |   1 |   3 |   2 |   1 |   5 
   3 |   1 |   0 |   6 |   0 |   4 |   0 |   2 |   0 |   5 |   0 |   5 |   9 
   4 |   4 |   2 |   2 |   1 |   1 |   0 |   4 |   0 |   1 |   0 |   6 |  10 
   5 |   3 |   0 |   6 |   5 |   1 |   0 |   3 |   0 |   3 |   0 |   2 |  11 
   6 |   1 |   0 |   4 |   2 |   4 |   3 |   1 |   0 |   4 |   0 |   1 |  12 
   7 |   2 |   1 |   1 |   0 |   6 |   0 |   6 |   2 |   4 |   2 |   2 |  14 
   8 |   3 |   2 |   2 |   0 |   6 |   1 |   1 |   2 |   1 |   1 |   2 |  16 
   9 |   5 |   6 |   1 |   0 |   4 |   0 |   2 |   0 |   5 |   3 |   2 |  18 
  10 |   4 |   9 |   1 |   0 |   5 |   0 |   1 |   0 |   4 |   0 |   5 |  22 
-------------------------------------------------------------------------------------------
Skupaj je bilo narejenih: 22 izdelkov.

 Worker    |   A |   B |   C |   D |   E |   F 
-----------------------------------------------
 Work Done |  31 |  22 |  22 |  22 |  22 |  22 

*******************************************************************************************


Attempt 3

 DAY |   A | wpA |   B|  wpB |   C | wpC |   D | wpD |   E | wpE |   F | TOTAL 
-------------------------------------------------------------------------------------------
   1 |   2 |   0 |   4 |   0 |   6 |   0 |   6 |   0 |   2 |   0 |   4 |   2 
   2 |   1 |   0 |   6 |   0 |   3 |   0 |   6 |   0 |   6 |   0 |   5 |   3 
   3 |   3 |   2 |   1 |   0 |   4 |   0 |   2 |   0 |   5 |   0 |   1 |   4 
   4 |   4 |   0 |   6 |   1 |   5 |   0 |   6 |   0 |   6 |   3 |   2 |   6 
   5 |   3 |   0 |   3 |   0 |   5 |   2 |   2 |   0 |   5 |   0 |   5 |  11 
   6 |   4 |   0 |   4 |   0 |   5 |   1 |   5 |   0 |   6 |   1 |   4 |  15 
   7 |   1 |   0 |   2 |   0 |   5 |   0 |   6 |   1 |   1 |   0 |   6 |  17 
   8 |   6 |   5 |   1 |   0 |   5 |   0 |   6 |   0 |   6 |   1 |   1 |  18 
   9 |   6 |   5 |   6 |   4 |   2 |   0 |   6 |   0 |   5 |   2 |   1 |  19 
  10 |   3 |   4 |   4 |   5 |   3 |   1 |   2 |   0 |   2 |   1 |   3 |  22 
-------------------------------------------------------------------------------------------
Skupaj je bilo narejenih: 22 izdelkov.

 Worker    |   A |   B |   C |   D |   E |   F 
-----------------------------------------------
 Work Done |  33 |  29 |  24 |  23 |  23 |  22 

*******************************************************************************************


Attempt 4

 DAY |   A | wpA |   B|  wpB |   C | wpC |   D | wpD |   E | wpE |   F | TOTAL 
-------------------------------------------------------------------------------------------
   1 |   3 |   0 |   5 |   2 |   1 |   0 |   2 |   0 |   3 |   0 |   6 |   1 
   2 |   1 |   0 |   5 |   0 |   6 |   2 |   1 |   0 |   3 |   0 |   4 |   2 
   3 |   6 |   4 |   2 |   1 |   1 |   0 |   6 |   0 |   4 |   1 |   2 |   4 
   4 |   4 |   4 |   4 |   0 |   5 |   2 |   3 |   0 |   4 |   1 |   3 |   7 
   5 |   4 |   3 |   5 |   1 |   4 |   0 |   6 |   0 |   6 |   3 |   4 |  11 
   6 |   6 |   3 |   6 |   1 |   6 |   0 |   6 |   1 |   5 |   7 |   1 |  12 
   7 |   2 |   2 |   3 |   0 |   4 |   2 |   2 |   0 |   3 |   5 |   5 |  17 
   8 |   3 |   3 |   2 |   0 |   3 |   2 |   2 |   1 |   1 |   5 |   1 |  18 
   9 |   4 |   3 |   4 |   0 |   5 |   3 |   3 |   3 |   1 |   3 |   3 |  21 
  10 |   2 |   0 |   5 |   2 |   3 |   1 |   5 |   5 |   3 |   3 |   3 |  24 
-------------------------------------------------------------------------------------------
Skupaj je bilo narejenih: 24 izdelkov.

 Worker    |   A |   B |   C |   D |   E |   F 
-----------------------------------------------
 Work Done |  35 |  35 |  33 |  32 |  27 |  24 

*******************************************************************************************


Attempt 5

 DAY |   A | wpA |   B|  wpB |   C | wpC |   D | wpD |   E | wpE |   F | TOTAL 
-------------------------------------------------------------------------------------------
   1 |   1 |   0 |   1 |   0 |   2 |   0 |   5 |   0 |   3 |   0 |   6 |   1 
   2 |   6 |   1 |   5 |   1 |   4 |   0 |   5 |   0 |   6 |   2 |   2 |   3 
   3 |   2 |   1 |   2 |   0 |   5 |   2 |   1 |   0 |   3 |   1 |   2 |   5 
   4 |   4 |   0 |   5 |   0 |   6 |   2 |   5 |   2 |   3 |   0 |   4 |   9 
   5 |   4 |   3 |   1 |   0 |   1 |   0 |   6 |   3 |   2 |   1 |   1 |  10 
   6 |   3 |   0 |   6 |   5 |   1 |   0 |   4 |   3 |   1 |   0 |   5 |  12 
   7 |   2 |   0 |   2 |   3 |   4 |   2 |   2 |   0 |   6 |   4 |   1 |  13 
   8 |   6 |   5 |   1 |   3 |   1 |   1 |   2 |   0 |   5 |   4 |   2 |  15 
   9 |   5 |   6 |   4 |   2 |   5 |   0 |   6 |   5 |   1 |   2 |   3 |  18 
  10 |   5 |  10 |   1 |   0 |   6 |   0 |   6 |   7 |   1 |   0 |   3 |  21 
-------------------------------------------------------------------------------------------
Skupaj je bilo narejenih: 21 izdelkov.

 Worker    |   A |   B |   C |   D |   E |   F 
-----------------------------------------------
 Work Done |  38 |  28 |  28 |  28 |  21 |  21 

*******************************************************************************************


Attempt 6

 DAY |   A | wpA |   B|  wpB |   C | wpC |   D | wpD |   E | wpE |   F | TOTAL 
-------------------------------------------------------------------------------------------
   1 |   2 |   0 |   3 |   0 |   4 |   1 |   1 |   0 |   3 |   0 |   6 |   1 
   2 |   4 |   0 |   4 |   2 |   2 |   0 |   6 |   0 |   5 |   0 |   6 |   4 
   3 |   4 |   1 |   3 |   0 |   5 |   0 |   5 |   2 |   3 |   0 |   3 |   7 
   4 |   5 |   3 |   3 |   0 |   4 |   2 |   1 |   1 |   2 |   1 |   1 |   8 
   5 |   5 |   4 |   4 |   0 |   5 |   2 |   4 |   0 |   5 |   0 |   6 |  14 
   6 |   6 |   9 |   1 |   0 |   1 |   2 |   1 |   0 |   5 |   0 |   2 |  15 
   7 |   1 |   8 |   2 |   0 |   3 |   0 |   4 |   2 |   2 |   0 |   6 |  17 
   8 |   3 |   9 |   2 |   0 |   6 |   0 |   3 |   0 |   4 |   2 |   2 |  19 
   9 |   2 |  10 |   1 |   0 |   3 |   0 |   3 |   0 |   2 |   0 |   4 |  22 
  10 |   4 |  10 |   4 |   0 |   6 |   3 |   1 |   0 |   1 |   0 |   6 |  23 
-------------------------------------------------------------------------------------------
Skupaj je bilo narejenih: 23 izdelkov.

 Worker    |   A |   B |   C |   D |   E |   F 
-----------------------------------------------
 Work Done |  36 |  26 |  26 |  23 |  23 |  23 

*******************************************************************************************


Attempt 7

 DAY |   A | wpA |   B|  wpB |   C | wpC |   D | wpD |   E | wpE |   F | TOTAL 
-------------------------------------------------------------------------------------------
   1 |   3 |   0 |   6 |   0 |   5 |   2 |   1 |   0 |   3 |   0 |   2 |   1 
   2 |   3 |   0 |   5 |   1 |   2 |   0 |   6 |   3 |   1 |   0 |   5 |   2 
   3 |   6 |   2 |   4 |   3 |   2 |   0 |   5 |   3 |   2 |   0 |   5 |   4 
   4 |   3 |   0 |   6 |   4 |   4 |   0 |   4 |   1 |   6 |   4 |   2 |   6 
   5 |   5 |   0 |   6 |   5 |   4 |   0 |   4 |   0 |   6 |   6 |   3 |   9 
   6 |   2 |   1 |   1 |   4 |   2 |   0 |   2 |   0 |   4 |   3 |   5 |  14 
   7 |   6 |   4 |   3 |   5 |   2 |   0 |   3 |   0 |   4 |   1 |   4 |  18 
   8 |   6 |   7 |   3 |   2 |   6 |   1 |   5 |   3 |   2 |   2 |   1 |  19 
   9 |   6 |  12 |   1 |   0 |   3 |   2 |   2 |   1 |   4 |   2 |   4 |  23 
  10 |   2 |  13 |   1 |   0 |   4 |   2 |   1 |   0 |   5 |   0 |   6 |  27 
-------------------------------------------------------------------------------------------
Skupaj je bilo narejenih: 27 izdelkov.

 Worker    |   A |   B |   C |   D |   E |   F 
-----------------------------------------------
 Work Done |  42 |  29 |  29 |  27 |  27 |  27 

*******************************************************************************************


Attempt 8

 DAY |   A | wpA |   B|  wpB |   C | wpC |   D | wpD |   E | wpE |   F | TOTAL 
-------------------------------------------------------------------------------------------
   1 |   5 |   3 |   2 |   0 |   4 |   0 |   3 |   0 |   6 |   0 |   2 |   2 
   2 |   3 |   2 |   4 |   0 |   5 |   3 |   1 |   0 |   4 |   0 |   3 |   3 
   3 |   2 |   0 |   4 |   2 |   2 |   2 |   3 |   1 |   2 |   0 |   4 |   5 
   4 |   3 |   0 |   4 |   1 |   4 |   0 |   6 |   6 |   1 |   0 |   4 |   6 
   5 |   6 |   3 |   3 |   2 |   2 |   0 |   2 |   6 |   2 |   0 |   6 |   8 
   6 |   5 |   7 |   1 |   0 |   3 |   0 |   6 |   3 |   6 |   4 |   2 |  10 
   7 |   2 |   5 |   4 |   0 |   5 |   0 |   5 |   6 |   1 |   4 |   1 |  11 
   8 |   6 |   9 |   2 |   0 |   4 |   0 |   5 |   7 |   1 |   4 |   1 |  12 
   9 |   1 |   6 |   4 |   0 |   6 |   0 |   5 |   7 |   4 |   3 |   5 |  17 
  10 |   1 |   3 |   4 |   1 |   3 |   1 |   2 |   4 |   5 |   2 |   6 |  23 
-------------------------------------------------------------------------------------------
Skupaj je bilo narejenih: 23 izdelkov.

 Worker    |   A |   B |   C |   D |   E |   F 
-----------------------------------------------
 Work Done |  34 |  31 |  30 |  29 |  25 |  23 

*******************************************************************************************


Attempt 9

 DAY |   A | wpA |   B|  wpB |   C | wpC |   D | wpD |   E | wpE |   F | TOTAL 
-------------------------------------------------------------------------------------------
   1 |   2 |   0 |   4 |   0 |   6 |   0 |   6 |   0 |   6 |   0 |   4 |   2 
   2 |   2 |   0 |   4 |   0 |   3 |   0 |   5 |   1 |   1 |   0 |   1 |   3 
   3 |   4 |   0 |   5 |   0 |   6 |   3 |   1 |   1 |   1 |   0 |   5 |   4 
   4 |   3 |   1 |   2 |   0 |   2 |   3 |   2 |   0 |   6 |   0 |   5 |   7 
   5 |   6 |   2 |   5 |   4 |   1 |   3 |   1 |   0 |   5 |   0 |   5 |   8 
   6 |   1 |   0 |   3 |   3 |   4 |   6 |   1 |   0 |   5 |   0 |   6 |   9 
   7 |   1 |   0 |   5 |   0 |   4 |   5 |   5 |   2 |   3 |   0 |   5 |  12 
   8 |   3 |   0 |   3 |   0 |   3 |   2 |   6 |   6 |   2 |   0 |   2 |  14 
   9 |   5 |   1 |   4 |   0 |   4 |   4 |   2 |   2 |   6 |   1 |   5 |  19 
  10 |   6 |   2 |   5 |   4 |   1 |   2 |   3 |   2 |   3 |   0 |   4 |  23 
-------------------------------------------------------------------------------------------
Skupaj je bilo narejenih: 23 izdelkov.

 Worker    |   A |   B |   C |   D |   E |   F 
-----------------------------------------------
 Work Done |  33 |  31 |  27 |  25 |  23 |  23 

*******************************************************************************************


Attempt 10

 DAY |   A | wpA |   B|  wpB |   C | wpC |   D | wpD |   E | wpE |   F | TOTAL 
-------------------------------------------------------------------------------------------
   1 |   3 |   0 |   6 |   2 |   1 |   0 |   2 |   0 |   6 |   0 |   4 |   1 
   2 |   2 |   0 |   3 |   1 |   3 |   0 |   6 |   0 |   4 |   0 |   6 |   4 
   3 |   6 |   1 |   5 |   3 |   3 |   1 |   2 |   1 |   1 |   0 |   1 |   5 
   4 |   4 |   0 |   5 |   6 |   2 |   0 |   4 |   0 |   5 |   0 |   6 |   9 
   5 |   1 |   0 |   1 |   3 |   4 |   3 |   1 |   0 |   5 |   0 |   2 |  10 
   6 |   4 |   2 |   2 |   0 |   5 |   3 |   5 |   4 |   1 |   0 |   3 |  11 
   7 |   6 |   2 |   6 |   3 |   3 |   1 |   5 |   3 |   6 |   2 |   4 |  15 
   8 |   6 |   6 |   2 |   4 |   1 |   0 |   2 |   0 |   6 |   5 |   2 |  17 
   9 |   6 |  10 |   2 |   2 |   4 |   0 |   5 |   0 |   5 |   4 |   5 |  22 
  10 |   5 |  14 |   1 |   2 |   1 |   0 |   4 |   0 |   3 |   1 |   4 |  26 
-------------------------------------------------------------------------------------------
Skupaj je bilo narejenih: 26 izdelkov.

 Worker    |   A |   B |   C |   D |   E |   F 
-----------------------------------------------
 Work Done |  43 |  29 |  27 |  27 |  27 |  26 

*******************************************************************************************


