Attempt 1

 DAY |   A | wpA |   B|  wpB |   C | wpC |   D | wpD |   E | wpE |   F | TOTAL 
-------------------------------------------------------------------------------------
   1 |  19 |   0 |  20 |  10 |   9 |   7 |   2 |   0 |   6 |   0 |  18 |   2 
   2 |   6 |   0 |   6 |  11 |   5 |  11 |   1 |   0 |   4 |   0 |   1 |   3 
   3 |   3 |   1 |   2 |   7 |   6 |  13 |   4 |   0 |   6 |   0 |   6 |   7 
   4 |  18 |  18 |   1 |   7 |   1 |  12 |   2 |   0 |   6 |   0 |   7 |   9 
   5 |  18 |  32 |   4 |   7 |   4 |  13 |   3 |   0 |   6 |   0 |  19 |  12 
   6 |   7 |  38 |   1 |   7 |   1 |   8 |   6 |   0 |   8 |   0 |  18 |  18 
   7 |  12 |  42 |   8 |  14 |   1 |   5 |   4 |   0 |   4 |   0 |  19 |  22 
   8 |   4 |  38 |   8 |  20 |   2 |   2 |   5 |   2 |   3 |   0 |  12 |  25 
   9 |  19 |  50 |   7 |  23 |   4 |   1 |   5 |   0 |  10 |   1 |   6 |  31 
  10 |   9 |  49 |  10 |  27 |   6 |   6 |   1 |   0 |   2 |   0 |   5 |  33 
-------------------------------------------------------------------------------------
Skupaj je bilo narejenih: 33 izdelkov.

 Worker    |   A |   B |   C |   D |   E |   F 
-----------------------------------------------
 Work Done |  115 |  66 |  39 |  33 |  33 |  33 

**************************************************************************************


Attempt 2

 DAY |   A | wpA |   B|  wpB |   C | wpC |   D | wpD |   E | wpE |   F | TOTAL 
-------------------------------------------------------------------------------------
   1 |  18 |   0 |  18 |  12 |   6 |   2 |   4 |   3 |   1 |   0 |   8 |   1 
   2 |  15 |   7 |   8 |  14 |   6 |   3 |   5 |   0 |   9 |   0 |  14 |   9 
   3 |  15 |  12 |  10 |  21 |   3 |   0 |   6 |   0 |   9 |   0 |  16 |  15 
   4 |   3 |  10 |   5 |  22 |   4 |   0 |   6 |   0 |   9 |   1 |   3 |  18 
   5 |  10 |  14 |   6 |  27 |   1 |   0 |   6 |   0 |   9 |   0 |   9 |  20 
   6 |  16 |  21 |   9 |  33 |   3 |   0 |   4 |   0 |   9 |   0 |  18 |  23 
   7 |  16 |  30 |   7 |  36 |   4 |   0 |   4 |   3 |   1 |   0 |  14 |  24 
   8 |  17 |  39 |   8 |  39 |   5 |   4 |   1 |   0 |   8 |   0 |  12 |  28 
   9 |  19 |  55 |   3 |  41 |   1 |   1 |   4 |   0 |   7 |   0 |  17 |  32 
  10 |  19 |  71 |   3 |  39 |   5 |   3 |   3 |   0 |   3 |   0 |   9 |  35 
-------------------------------------------------------------------------------------
Skupaj je bilo narejenih: 35 izdelkov.

 Worker    |   A |   B |   C |   D |   E |   F 
-----------------------------------------------
 Work Done |  148 |  77 |  38 |  35 |  35 |  35 

**************************************************************************************


Attempt 3

 DAY |   A | wpA |   B|  wpB |   C | wpC |   D | wpD |   E | wpE |   F | TOTAL 
-------------------------------------------------------------------------------------
   1 |  10 |   0 |  17 |   7 |   3 |   0 |   4 |   0 |   4 |   0 |  10 |   3 
   2 |   5 |   4 |   1 |   6 |   2 |   0 |   4 |   0 |   5 |   0 |   6 |   5 
   3 |  18 |  12 |  10 |  15 |   1 |   0 |   6 |   0 |   4 |   0 |   6 |   6 
   4 |   8 |  13 |   7 |  19 |   3 |   0 |   6 |   0 |   3 |   0 |  12 |   9 
   5 |   1 |   6 |   8 |  21 |   6 |   4 |   2 |   0 |   5 |   0 |  20 |  11 
   6 |   5 |   2 |   9 |  28 |   2 |   0 |   6 |   0 |  10 |   0 |  10 |  17 
   7 |  19 |  18 |   3 |  30 |   1 |   0 |   3 |   0 |   6 |   0 |  16 |  18 
   8 |  18 |  28 |   8 |  34 |   4 |   0 |   4 |   3 |   1 |   0 |  13 |  19 
   9 |  18 |  44 |   2 |  31 |   5 |   3 |   2 |   1 |   4 |   0 |   7 |  23 
  10 |  16 |  57 |   3 |  32 |   2 |   0 |   5 |   0 |   7 |   0 |   6 |  29 
-------------------------------------------------------------------------------------
Skupaj je bilo narejenih: 29 izdelkov.

 Worker    |   A |   B |   C |   D |   E |   F 
-----------------------------------------------
 Work Done |  118 |  61 |  29 |  29 |  29 |  29 

**************************************************************************************


Attempt 4

 DAY |   A | wpA |   B|  wpB |   C | wpC |   D | wpD |   E | wpE |   F | TOTAL 
-------------------------------------------------------------------------------------
   1 |   9 |   0 |  15 |   8 |   1 |   0 |   6 |   0 |  10 |   0 |   1 |   1 
   2 |   6 |   5 |   1 |   8 |   1 |   0 |   2 |   0 |  10 |   0 |   6 |   2 
   3 |   1 |   0 |   9 |  12 |   2 |   1 |   1 |   0 |   9 |   0 |   9 |   3 
   4 |  13 |  12 |   1 |  12 |   1 |   1 |   1 |   0 |   6 |   0 |   8 |   4 
   5 |  12 |  21 |   3 |   9 |   6 |   3 |   4 |   0 |   8 |   0 |  10 |   8 
   6 |  15 |  27 |   9 |  15 |   3 |   1 |   5 |   4 |   1 |   0 |  10 |   9 
   7 |  10 |  36 |   1 |  11 |   5 |   3 |   3 |   4 |   3 |   0 |  10 |  12 
   8 |  11 |  39 |   8 |  18 |   1 |   0 |   6 |   1 |   7 |   0 |  13 |  19 
   9 |  17 |  48 |   8 |  24 |   2 |   0 |   6 |   0 |   9 |   0 |   5 |  22 
  10 |   5 |  48 |   5 |  28 |   1 |   0 |   5 |   0 |  10 |   0 |  10 |  23 
-------------------------------------------------------------------------------------
Skupaj je bilo narejenih: 23 izdelkov.

 Worker    |   A |   B |   C |   D |   E |   F 
-----------------------------------------------
 Work Done |  99 |  51 |  23 |  23 |  23 |  23 

**************************************************************************************


Attempt 5

 DAY |   A | wpA |   B|  wpB |   C | wpC |   D | wpD |   E | wpE |   F | TOTAL 
-------------------------------------------------------------------------------------
   1 |  20 |  19 |   1 |   0 |   8 |   0 |   1 |   0 |   5 |   0 |  11 |   1 
   2 |  15 |  31 |   3 |   1 |   2 |   0 |   6 |   0 |   5 |   0 |  18 |   3 
   3 |   4 |  26 |   9 |   5 |   5 |   2 |   3 |   0 |   5 |   0 |  19 |   6 
   4 |  19 |  39 |   6 |   7 |   4 |   1 |   5 |   0 |   9 |   1 |   4 |  10 
   5 |   3 |  37 |   5 |   9 |   3 |   0 |   6 |   1 |   3 |   0 |  20 |  14 
   6 |   4 |  31 |  10 |  17 |   2 |   0 |   3 |   0 |   3 |   0 |  11 |  17 
   7 |  13 |  35 |   9 |  24 |   2 |   1 |   1 |   0 |   9 |   0 |   4 |  18 
   8 |   5 |  31 |   9 |  32 |   1 |   0 |   2 |   0 |   2 |   0 |  13 |  20 
   9 |   4 |  29 |   6 |  33 |   5 |   1 |   4 |   0 |   7 |   0 |  15 |  24 
  10 |   2 |  24 |   7 |  39 |   1 |   0 |   2 |   1 |   1 |   0 |  14 |  25 
-------------------------------------------------------------------------------------
Skupaj je bilo narejenih: 25 izdelkov.

 Worker    |   A |   B |   C |   D |   E |   F 
-----------------------------------------------
 Work Done |  89 |  65 |  26 |  26 |  25 |  25 

**************************************************************************************


Attempt 6

 DAY |   A | wpA |   B|  wpB |   C | wpC |   D | wpD |   E | wpE |   F | TOTAL 
-------------------------------------------------------------------------------------
   1 |  19 |   0 |  19 |  14 |   5 |   2 |   3 |   0 |  10 |   0 |  13 |   3 
   2 |  16 |  13 |   3 |  14 |   3 |   1 |   4 |   0 |  10 |   0 |  19 |   7 
   3 |   8 |  14 |   7 |  19 |   2 |   0 |   3 |   0 |   8 |   0 |   9 |  10 
   4 |   4 |   8 |  10 |  28 |   1 |   0 |   5 |   0 |   2 |   0 |  20 |  11 
   5 |  15 |  14 |   9 |  35 |   2 |   1 |   1 |   0 |   6 |   0 |  10 |  12 
   6 |   5 |  11 |   8 |  39 |   4 |   4 |   1 |   0 |   6 |   0 |  11 |  13 
   7 |  17 |  20 |   8 |  42 |   5 |   8 |   1 |   0 |   4 |   0 |  19 |  14 
   8 |   6 |  17 |   9 |  45 |   6 |  10 |   4 |   0 |   5 |   3 |   1 |  15 
   9 |   4 |  19 |   2 |  45 |   2 |   9 |   3 |   0 |   4 |   0 |   6 |  21 
  10 |  12 |  23 |   8 |  49 |   4 |   9 |   4 |   0 |   4 |   0 |  18 |  25 
-------------------------------------------------------------------------------------
Skupaj je bilo narejenih: 25 izdelkov.

 Worker    |   A |   B |   C |   D |   E |   F 
-----------------------------------------------
 Work Done |  106 |  83 |  34 |  25 |  25 |  25 

**************************************************************************************


Attempt 7

 DAY |   A | wpA |   B|  wpB |   C | wpC |   D | wpD |   E | wpE |   F | TOTAL 
-------------------------------------------------------------------------------------
   1 |  11 |   0 |  18 |   9 |   2 |   0 |   3 |   0 |   5 |   0 |   3 |   2 
   2 |   6 |   0 |   6 |  12 |   3 |   0 |   3 |   0 |   6 |   0 |  11 |   5 
   3 |  11 |   4 |   7 |  13 |   6 |   1 |   5 |   2 |   3 |   0 |  19 |   8 
   4 |   9 |  11 |   2 |   9 |   6 |   2 |   5 |   1 |   6 |   0 |  17 |  14 
   5 |   6 |  16 |   1 |   5 |   5 |   4 |   3 |   2 |   2 |   1 |   1 |  15 
   6 |  14 |  22 |   8 |   8 |   5 |   6 |   3 |   0 |   7 |   3 |   3 |  18 
   7 |   8 |  24 |   6 |  12 |   2 |   2 |   6 |   5 |   1 |   0 |  13 |  22 
   8 |  19 |  42 |   1 |  10 |   3 |   4 |   1 |   0 |  10 |   4 |   2 |  24 
   9 |   3 |  44 |   1 |   5 |   6 |   9 |   1 |   0 |   1 |   0 |  16 |  29 
  10 |   9 |  43 |  10 |  12 |   3 |   8 |   4 |   0 |   8 |   0 |  15 |  33 
-------------------------------------------------------------------------------------
Skupaj je bilo narejenih: 33 izdelkov.

 Worker    |   A |   B |   C |   D |   E |   F 
-----------------------------------------------
 Work Done |  96 |  53 |  41 |  33 |  33 |  33 

**************************************************************************************


Attempt 8

 DAY |   A | wpA |   B|  wpB |   C | wpC |   D | wpD |   E | wpE |   F | TOTAL 
-------------------------------------------------------------------------------------
   1 |   2 |   0 |  16 |   0 |  10 |   0 |   5 |   1 |   1 |   0 |  14 |   1 
   2 |  15 |   9 |   6 |   2 |   4 |   3 |   1 |   1 |   1 |   0 |  11 |   2 
   3 |  14 |  17 |   6 |   5 |   3 |   0 |   6 |   0 |   8 |   0 |  10 |   9 
   4 |  14 |  25 |   6 |   7 |   4 |   0 |   4 |   0 |   9 |   0 |  13 |  13 
   5 |  17 |  38 |   4 |   6 |   5 |   0 |   5 |   0 |   7 |   0 |  11 |  18 
   6 |   4 |  34 |   8 |  10 |   4 |   2 |   2 |   0 |   8 |   0 |   3 |  20 
   7 |  11 |  43 |   2 |   6 |   6 |   2 |   6 |   0 |   6 |   0 |   7 |  26 
   8 |  20 |  62 |   1 |   5 |   2 |   1 |   3 |   0 |   6 |   1 |   2 |  28 
   9 |   2 |  57 |   7 |   9 |   3 |   0 |   5 |   0 |   8 |   0 |   6 |  33 
  10 |  18 |  73 |   2 |   5 |   6 |   0 |   6 |   0 |   9 |   0 |  19 |  39 
-------------------------------------------------------------------------------------
Skupaj je bilo narejenih: 39 izdelkov.

 Worker    |   A |   B |   C |   D |   E |   F 
-----------------------------------------------
 Work Done |  117 |  44 |  39 |  39 |  39 |  39 

**************************************************************************************


Attempt 9

 DAY |   A | wpA |   B|  wpB |   C | wpC |   D | wpD |   E | wpE |   F | TOTAL 
-------------------------------------------------------------------------------------
   1 |   1 |   0 |  14 |   0 |   7 |   0 |   6 |   0 |   4 |   0 |  16 |   1 
   2 |  16 |   8 |   8 |   3 |   5 |   0 |   5 |   0 |   6 |   2 |   3 |   4 
   3 |   5 |   7 |   6 |   3 |   6 |   4 |   2 |   0 |   4 |   0 |  20 |   8 
   4 |  20 |  26 |   1 |   3 |   1 |   1 |   4 |   2 |   2 |   1 |   1 |   9 
   5 |   8 |  26 |   8 |   7 |   4 |   4 |   1 |   0 |  10 |   3 |   1 |  10 
   6 |  13 |  30 |   9 |  11 |   5 |   3 |   6 |   0 |  10 |   5 |   4 |  14 
   7 |  14 |  34 |  10 |  18 |   3 |   2 |   4 |   2 |   2 |   0 |   9 |  21 
   8 |  14 |  46 |   2 |  18 |   2 |   0 |   5 |   5 |   1 |   0 |   2 |  22 
   9 |   1 |  42 |   5 |  17 |   6 |   5 |   1 |   0 |   6 |   2 |   4 |  26 
  10 |  15 |  55 |   2 |  13 |   6 |   8 |   3 |   1 |   2 |   1 |   3 |  29 
-------------------------------------------------------------------------------------
Skupaj je bilo narejenih: 29 izdelkov.

 Worker    |   A |   B |   C |   D |   E |   F 
-----------------------------------------------
 Work Done |  107 |  52 |  39 |  31 |  30 |  29 

**************************************************************************************


Attempt 10

 DAY |   A | wpA |   B|  wpB |   C | wpC |   D | wpD |   E | wpE |   F | TOTAL 
-------------------------------------------------------------------------------------
   1 |  12 |   0 |  12 |   8 |   4 |   2 |   2 |   0 |   9 |   0 |   6 |   2 
   2 |   5 |   0 |  10 |   9 |   4 |   3 |   3 |   2 |   1 |   0 |  16 |   3 
   3 |   9 |   5 |   4 |  10 |   3 |   4 |   2 |   0 |   7 |   0 |  10 |   7 
   4 |  17 |  17 |   5 |   9 |   6 |   6 |   4 |   0 |   5 |   0 |  17 |  11 
   5 |  20 |  27 |  10 |  18 |   1 |   3 |   4 |   0 |   5 |   0 |  11 |  15 
   6 |  14 |  34 |   7 |  20 |   5 |   4 |   4 |   3 |   1 |   0 |   4 |  16 
   7 |   6 |  31 |   9 |  23 |   6 |   6 |   4 |   0 |   9 |   3 |   4 |  20 
   8 |  15 |  44 |   2 |  20 |   5 |  10 |   1 |   0 |   4 |   0 |  10 |  24 
   9 |   1 |  44 |   1 |  18 |   3 |   7 |   6 |   5 |   1 |   0 |  15 |  25 
  10 |   5 |  44 |   5 |  18 |   5 |   7 |   5 |   5 |   5 |   0 |   7 |  30 
-------------------------------------------------------------------------------------
Skupaj je bilo narejenih: 30 izdelkov.

 Worker    |   A |   B |   C |   D |   E |   F 
-----------------------------------------------
 Work Done |  104 |  60 |  42 |  35 |  30 |  30 

**************************************************************************************


